1092	1.0
1143	1.0
1144	1.0
1284	1.0
1445	1.0
1609	1.0
1898	1.0
1912	1.0
1936	1.0
1938	2.0
1943	2.0
1950	1.0
1951	2.0
1953	1.0
1955	1.0
1957	1.0
1958	1.0
1959	2.0
1961	2.0
1962	2.0
1963	2.0
1965	1.0
1966	1.0
1967	2.0
1968	3.0
1969	2.0
1970	1.0
1971	1.0
1972	3.0
1973	1.0
1974	3.0
1976	1.0
1977	1.0
1979	3.0
1980	2.0
1981	2.0
1983	1.0
1985	3.0
1986	3.0
1987	7.0
1988	2.0
1989	5.0
1990	2.0
1991	2.0
1992	4.0
1993	3.0
1994	4.0
1995	5.0
1996	11.0
1997	12.0
1998	18.0
1999	17.0
2000	12.0
2001	7.0
2002	8.0
2003	3.0
2004	17.0
2005	13.0
2006	14.0
2007	14.0
2008	17.0
2009	22.0
2010	23.0
2011	56.0
2012	62.0
2013	80.0
2014	83.0
2015	100.0
2016	109.0
2017	66.0
2018	87.0
2019	59.0
2020	45.0
2021	1.0
2809	1.0
3224	1.0
5788	1.0
